1.2317670285110816e-12 0.6036123702190799 0.39638762957534424 5.512227429699149e-14 1.2802824685899206e-11 1.9008748894267755e-10 5.676189738174882e-14 9.72400788837236e-13 1.568014399904291e-13 2.1268860758184538e-13 
0.9999995708735072 1.9809528859249185e-12 4.312994418504743e-09 1.1932836278105256e-09 6.4568913771174345e-12 1.258242294221932e-09 3.6968252111512686e-08 2.2770277857860374e-11 4.272379237263983e-13 3.853620848041941e-07 
6.75406609021229e-09 4.764721636896392e-05 5.523501774884e-11 6.875218306830452e-13 1.6847178192561196e-15 0.9996530604377422 5.01504391416166e-13 0.00029928348553023723 5.668543842562062e-13 2.049299773637276e-09 
1.6693414263350008e-14 0.6985854323277151 0.30141456756148916 8.330388687438627e-11 2.7443375711967967e-11 2.957750270201843e-21 3.014484166424774e-14 1.7472897482255736e-15 1.3903898492835917e-17 6.564004911543304e-21 
6.690586351683197e-14 7.82008005836147e-14 6.4279171755331795e-15 1.2856747986509103e-16 4.4897871527746024e-07 1.6230784847106857e-15 7.646994229573824e-16 2.9658243954545635e-12 7.92675431483773e-16 0.999999551018164 
2.1640541589265986e-11 0.999998509462425 1.5457883005139924e-17 5.336393040653077e-10 9.512747056370695e-12 8.724245071286872e-07 4.298445146251669e-16 6.175442848974712e-07 3.481544521967714e-16 3.989590157729667e-12 
1.0815354180956187e-07 1.0852496889338252e-12 3.029410031436986e-16 0.9993200392303729 9.466871085768207e-09 8.817479587558267e-14 2.1513753561212218e-08 2.8819693113605277e-10 0.000679821346089128 9.128623811559965e-16 
7.078284789072155e-22 1.8402508763297753e-14 2.2427219803148364e-19 1.0825638474148536e-18 5.526915995604041e-17 1.3887853977444544e-20 2.1778562451210306e-21 8.481938334841987e-17 9.628420481371298e-21 0.9999999999999816 
1.215474536363848e-11 1.8125483491272343e-11 0.00024900727523889036 3.5989119146051843e-12 7.121370236933364e-14 6.611926959032015e-10 0.999750916282597 1.7664943627602076e-09 3.836079084321157e-09 7.014444753153243e-08 
1.9796328254190205e-10 0.9440758217611013 0.05592416462319643 1.2952075124182627e-13 9.663734111250954e-10 9.509554016236461e-18 1.2451221786061275e-08 1.3412133859237682e-14 4.7836857127288876e-17 4.651512793466494e-16 
2.9703081642702646e-14 0.0013140528145831288 6.752675637536673e-06 0.8756547715582326 1.4046658952842579e-05 2.2750140460304925e-08 2.8591048902885714e-12 9.59375400812004e-05 0.12291439788234036 1.8117142960810345e-08 
1.1908464714802957e-10 2.764204901565255e-18 7.907019807327877e-14 9.837393600482463e-17 3.561894079874379e-17 5.610763096208322e-20 1.6931254682516016e-09 3.947421352394511e-15 0.999999998187556 1.5042078352037576e-13 
5.086041776268431e-13 0.9999999150900263 8.464222914549143e-08 1.4083702775967635e-18 6.949598678748318e-16 2.046494617728613e-10 1.1535947225484139e-17 6.258597447326595e-11 1.5243853739324063e-17 1.0117151374814765e-20 
3.6132768435305873e-09 0.8715555031156267 3.3785353445881996e-11 0.0001900901538929675 2.5247282379964114e-07 0.0008090685327354098 1.3465172053260688e-07 4.0399794952943285e-08 0.12744476915726613 1.3786907722420111e-07 
7.430130637407937e-20 4.209180563550509e-13 6.175498975167292e-10 4.830632075528277e-11 0.9999999993334893 1.2123442090657253e-15 6.8513084907621374e-15 2.1195009779092027e-13 7.30918215748776e-17 1.3524478591603635e-14 
5.170046468268296e-11 3.677728217629897e-07 8.626258539074128e-06 0.99973058772252 4.737584702756449e-10 5.569196848255194e-13 0.00016757806382093613 1.5306693401298682e-05 7.591775333501569e-05 1.6152095460381545e-06 
7.98779850675762e-09 1.4394977940083443e-09 2.6533048261421755e-10 5.773531433947768e-10 0.9999999676678399 1.11853037146826e-08 2.7297651848728466e-14 1.9929153814221438e-09 8.779702494163494e-09 1.0423154343526986e-10 
2.3569379909625192e-09 6.62210389707945e-14 1.2537087460240654e-10 2.1613484976932814e-15 1.3579095414914526e-13 1.8690253569344965e-12 7.259764683971281e-11 0.9999999968248235 6.169722712530757e-10 1.2245452203869885e-12 
4.705888378815409e-08 4.39888422577669e-08 0.0007131451735032426 9.871723623032427e-09 0.9981147520626309 7.814852192982082e-13 0.0008930744461762085 7.106001387647525e-08 0.00027885633735731874 8.748419835051146e-14 
5.354220919705919e-16 0.9999999787972517 2.120239211149066e-08 1.3582214836933823e-22 3.4456149698830406e-13 9.586773001512752e-16 3.329184458309192e-20 9.740100779010215e-15 1.2875354456099549e-17 4.297347288825756e-16 
4.4002367375509035e-12 4.6039384045091067e-10 0.29576445140761526 1.5046312198550755e-09 1.3196876982869853e-10 6.0293106483240055e-12 0.0007279022443611243 6.208038807208359e-10 3.674350968901614e-06 0.7035039692688274 
5.21116648136341e-07 6.009611883765838e-13 3.022734989438568e-10 1.022232396212344e-08 0.9999994676451197 1.550640567887902e-13 9.466993703989785e-12 6.998863323611782e-10 8.290174926958083e-14 3.4424406603971142e-12 
2.1915785886121068e-10 0.0006655101229729427 1.4771489512653346e-06 6.209984537757544e-13 1.9964802220878717e-13 0.0016964482470969151 2.804171768413715e-10 0.004278080852286729 1.5989373318150757e-13 0.9933584831281366 
3.9596091648290097e-11 0.023030953479711146 0.11983269482195337 7.947664109960151e-11 4.459562442519535e-09 2.5185405268857413e-13 0.00020836428266095215 9.651103955108384e-12 0.8569279828268882 2.481473650613393e-13 
2.856845750303958e-10 0.01434516410981892 1.1310144963828278e-10 4.3995652743741043e-16 9.66160757764266e-12 0.9856544864113265 2.0554916660892336e-11 3.4364215600425704e-07 3.840150302118746e-16 5.40769545663702e-09 
2.4623704760026065e-11 7.070255091364931e-13 1.4521233679389265e-09 3.6608647773610686e-15 1.6964070609466837e-10 6.643089943403864e-13 0.999999896552605 1.0179671975921163e-07 2.8926195707609918e-12 1.9985598128100127e-14 
4.205755753465856e-05 1.645390675630684e-08 1.2954347076753436e-13 0.9999578943754194 4.0319591665087755e-14 1.0247453648757994e-13 3.1375044687358246e-08 2.3684083996582126e-10 3.2743946379545806e-15 9.782007016401091e-13 
7.405834209304483e-11 4.170162640672494e-15 0.9999999985619707 4.413602737944193e-11 1.317664839025413e-13 1.3109732648915192e-09 9.067814067896071e-14 5.247684553437785e-14 8.558599427285617e-12 2.4011741828833616e-14 
2.073772376529076e-06 2.178631038560583e-09 4.250436979480405e-06 1.2324549864622108e-11 0.9992650393304426 1.0391729100797595e-13 6.868076610597059e-05 2.666850170739791e-09 0.0006599508337953847 2.3903086478409146e-12 
4.386889960658863e-15 1.433833742382211e-16 2.132127408578259e-13 2.321548448445178e-15 4.694189455609303e-13 2.8475229465838826e-14 2.840847717179754e-13 0.9999999998798657 5.741606145358629e-14 1.1907453104361906e-10 
1.0289420743720559e-10 1.9604076600872266e-10 3.082841774438158e-06 1.7175937883087884e-06 4.3702051741606747e-10 6.58625073653458e-05 3.8269334802211313e-07 0.9999289519563328 1.6629011817838131e-09 8.534367500029571e-12 
3.717996195026254e-11 5.881110381138813e-11 0.9999072285029598 4.098058687205762e-14 1.0997421014409194e-14 4.229954475369078e-15 9.276832532615245e-05 8.796959177557191e-12 3.440120897485438e-14 3.0668358070781465e-09 
5.053368359593693e-13 1.0919925699798002e-15 0.008252077034235942 2.427535966253079e-10 1.1289620612149022e-08 6.43500628366864e-12 1.2341136655188388e-13 1.751877059649109e-09 0.9917479096743367 1.1128956414233592e-13 
9.98965804819634e-13 1.3416249835478844e-13 1.5415095962344104e-12 2.245390836058803e-11 1.2951713084575367e-13 0.9985350555525002 5.448467423892078e-11 3.522570268461876e-13 0.0014649443090661786 5.833833707546749e-11 
9.19516463123642e-14 5.04989229793922e-06 0.9537818329094113 0.0009722536011213789 4.4195219590201024e-11 5.890004804842337e-10 2.467866648615378e-08 0.04524083664727633 8.267320817311332e-10 8.11206990601171e-10 
6.267168613281438e-10 0.9996190073447281 2.3248068031698077e-08 6.438299933319888e-09 8.041885771436062e-10 6.789642620506911e-10 8.81319116360886e-13 2.909020650922919e-05 4.797199616631294e-09 0.0003518658544439045 
3.832370086835398e-09 3.3480794134677055e-08 8.548203100296614e-12 1.3315135491820475e-13 0.9999839902863277 1.5950530146750885e-05 3.428727356277064e-14 3.400772504202713e-11 2.4488865952328733e-10 2.1582749398053778e-08 
1.2813450714197871e-05 2.419377123901866e-09 0.9999778980798286 6.897376012839281e-10 5.5478780011032584e-08 6.216470338069725e-10 1.8703338287414827e-09 4.585140609073201e-06 3.4999148500985487e-07 4.292257487319195e-06 
0.9999950272369726 3.739729101661897e-06 4.693018062567674e-16 4.993158181507557e-18 5.205443428291324e-16 1.7278719153343533e-07 3.207605017976937e-16 3.5244044114426215e-09 1.6785833726236543e-15 1.0567223267307422e-06 
2.1767397773377234e-15 2.6500603492942487e-14 1.2774165292202466e-09 0.9999999558973388 6.225834585660132e-14 2.7404432915690348e-08 1.9455243717685437e-19 1.5407645858594627e-08 3.87043239722743e-12 9.204467847465352e-12 
0.0001531429654365068 9.539852008913918e-07 0.042270100395239166 0.3167904234067528 0.03735231117506494 1.4672433005276273e-09 0.00014714738736203427 0.5308316162814126 0.0724543021746112 7.61676807917428e-10 
4.68363666915354e-13 4.9530423179392955e-11 0.9999997268979897 4.1210269361039974e-11 5.725431896851565e-14 2.676964129494563e-07 4.087674117093925e-09 8.539946310603018e-12 1.2165565741684173e-09 1.5605075071186361e-12 
0.9999358366436945 6.138615644018326e-05 1.224000539632423e-09 6.353418455810606e-15 3.4327287198900635e-11 7.186552969311618e-08 8.537317760188055e-16 1.457896909743392e-06 1.6733346164033243e-14 1.246179074125327e-06 
1.6044837360809754e-09 0.19232668614266618 1.089120820030924e-17 1.2289244171987541e-13 2.289261211762315e-08 2.823066747742882e-10 7.998466329504083e-15 8.556690162761579e-12 1.5183080452542066e-20 0.8076732890692437 
6.666078055026519e-09 3.470578433967384e-14 4.0098108316104655e-12 8.368234918347079e-16 4.699865174252329e-15 8.033430589969845e-14 4.9412998052465856e-08 3.359485428449333e-16 0.9999999439167914 1.644192943179027e-15 
6.916940435543782e-12 3.4677035389133076e-09 1.8103259866674537e-10 3.046019219911368e-11 7.382454358147279e-16 1.7678372887977074e-13 6.686788589703089e-09 3.2347713546231537e-15 0.999999989626916 1.1709781899401316e-15 
1.6439940189001348e-13 4.1320130535746595e-19 3.5486561822238836e-20 1.1963182676462153e-18 7.756230777345019e-17 3.8493738657356977e-16 5.865752281931774e-22 1.979583222724996e-08 5.746127376663099e-16 0.9999999802040024 
2.221044368485657e-12 5.6094934197899145e-18 2.7211056110810126e-09 1.2460759194625874e-12 1.120621000437583e-10 0.9999999934314554 3.9479198915656095e-11 3.668600681357495e-09 6.544757852494057e-12 1.7284807665403675e-11 
8.269614108253924e-13 1.0137781079999841e-19 6.031155498170679e-12 0.9959949549968267 1.1731348477249767e-12 0.0040049342750397956 1.1030471333041045e-07 3.244646801010917e-12 3.926886857056828e-10 1.945581067697337e-11 
1.8249509382760875e-14 2.312640618022257e-12 1.4294869245618148e-08 2.175866393111313e-14 3.8456875488632526e-07 0.9999995972064273 1.3502405522625768e-09 8.697688433233351e-12 3.474180289173412e-14 2.568623022520733e-09 
1.053489579864676e-15 3.625957677679962e-16 7.7353359387618e-17 1.5031948189176748e-18 1.4584190285035348e-09 2.5704913471729493e-09 2.616189179091239e-16 6.814401123936382e-09 0.9999999287419884 6.041469836870917e-08 
2.7263567136913057e-11 9.537846980608336e-17 7.105471368113149e-16 1.924163190626832e-10 2.171650934863912e-11 2.769916525537875e-12 0.9999999991454661 2.291941739312966e-13 3.8575599432815544e-10 2.2438135531567714e-10 
1.4230797290418812e-12 1.0437459338982733e-11 1.0401019203638598e-07 4.0225024124333446e-15 6.523875937605104e-12 4.0375908219392546e-08 0.999999819252301 3.634194841930919e-08 8.311982746372421e-13 4.306728652727082e-13 
2.2469930632050434e-11 4.858631369701427e-13 0.1904344183511439 0.809430751854865 3.265547668710938e-08 3.9959211807417445e-06 0.00012950562121534886 1.26766168505203e-09 1.2856356812624449e-06 8.669819313735626e-09 
7.598980093386798e-08 2.4260865771389405e-13 1.3921061883874424e-06 3.443760860469733e-10 2.326480154498126e-07 4.113195270445753e-10 6.705410280599603e-10 9.317539373895729e-12 5.260924475116735e-05 0.9999456885754474 
3.183452132693657e-13 6.4497879201895e-08 1.0719980268471895e-14 1.0033014800881266e-17 1.604463591078653e-18 4.257498298097506e-09 3.525059131992072e-18 0.9999999312425631 5.239801724512182e-19 1.7301548825568808e-12 
6.430477611621576e-15 1.486367205452121e-11 3.4181807242052607e-13 1.4063065065981103e-15 0.9999999983461407 2.3326592330564255e-15 1.595304811306367e-09 5.253046597217542e-13 4.281194568375431e-11 1.589553464471209e-15 
4.5573890703693083e-07 6.240639946692075e-13 7.988004487589462e-11 1.0164985834381853e-13 1.4451719024813122e-13 2.401281929809671e-15 0.999999544180101 2.1049766594987885e-16 2.3713773784401393e-13 1.779782467467e-15 
1.6241901981859108e-13 0.3906017987589877 8.992628514161535e-10 1.197915400947604e-10 3.1661629847850825e-13 3.0064695060577186e-12 2.209458371430713e-08 4.82005902138058e-12 0.6093813983165937 1.6779802474940258e-05 
1.050835336085292e-12 5.215688393859417e-06 9.543420341012225e-07 2.6350611174106696e-10 1.4666685577906323e-09 1.388880690393569e-09 0.9998758142747991 1.3650387862704576e-13 0.00011801228810479414 2.864253785765915e-10 
7.008130277619484e-12 0.9999998316427804 3.4561752359031433e-19 7.86375280934105e-08 1.4140721397804125e-13 3.076489105072304e-08 1.3208641163703917e-18 3.247748536634856e-10 6.384957939330966e-11 5.8559026553945535e-08 
4.839810348048008e-06 8.011672921057267e-12 2.7823186144587835e-06 2.176554565905555e-11 3.0742305212901263e-12 4.824806899552991e-08 3.690248727413619e-10 2.6047476423083936e-15 0.999992329069579 1.5151043595152553e-10 
1.0126665844747423e-10 0.5858260043350445 3.2138152762246327e-09 3.941475940993804e-14 1.006031617730489e-15 1.274748587491326e-13 0.41416769189010594 4.712736983931392e-13 6.2995100681534494e-06 9.490600723296844e-10 
1.1297193573846665e-11 1.0504813921054774e-11 4.0765822324673736e-08 0.9999996128618469 1.7633513211764738e-10 4.812164844572793e-11 4.9023799755179333e-11 7.660729087677776e-09 3.3754697538358606e-07 8.693438413673401e-10 
5.184584661306791e-15 1.1925563559568466e-11 9.062408969831264e-05 7.255010258472208e-11 3.57081989450264e-16 1.0018724512876763e-12 0.9999093251593943 4.72083856596157e-10 1.293985820611746e-09 4.889935480868647e-08 
3.533483038174902e-13 3.371534005943352e-07 1.2515589673344226e-07 5.176481405009036e-12 3.353715151493962e-15 0.9999825856989286 3.685983035647787e-18 1.5681977903523103e-05 3.540360975948353e-11 1.2699729335419817e-06 
0.9999998382911341 1.5615698029625044e-13 6.500966602921796e-14 3.6020412599770564e-17 4.303292982001864e-14 3.115997493577215e-21 1.6115040062067878e-07 1.163578162207712e-13 3.88568281096451e-10 1.6951623861286415e-10 
6.689054467545864e-12 2.393256735782725e-10 1.1633759211358729e-10 0.9999999977041584 2.738233586684139e-18 1.2215797884526817e-09 1.381514522755372e-12 2.023000102168612e-11 2.5590592294947443e-13 6.900421451225532e-10 
2.0755066486418333e-20 0.9999997812407235 2.184215215550619e-07 8.289772299159259e-14 8.106887820712655e-13 1.3878999870684928e-11 9.164469645887864e-11 2.24596754840374e-10 2.1031090999423638e-14 6.719716587522621e-12 
8.098067016779907e-12 1.269889405562858e-09 1.0201369659493712e-10 0.9999995536828242 2.4336606388498883e-13 9.523412588575445e-12 1.1153983744464846e-11 3.189641970056565e-11 4.448839968927817e-07 3.606434716121998e-13 
1.2221339828378903e-18 2.3876080022034618e-15 1.789178463079038e-23 1.0281991074254328e-14 0.9999999709665719 2.9029358801331238e-08 1.565002504664579e-18 2.010454923514026e-15 2.5195044587015287e-13 3.802757426111232e-12 
1.1052765114611807e-10 1.0975868818372017e-14 6.919991161885341e-17 3.8890575407101824e-17 0.9999999881555202 4.420674795745599e-13 6.578876361078033e-09 4.827414331306924e-15 5.154585322663535e-09 3.24731833067433e-14 
1.914958389832014e-11 8.594739996594129e-08 7.689854597565503e-16 2.796856742145201e-12 1.813918841236824e-16 0.00456587686575166 1.0978030621885447e-20 0.9954340371630491 7.624196629536092e-14 1.7754625465202635e-12 
2.622990320663344e-13 1.5569388411539484e-16 3.2568616571603567e-17 7.743618776701183e-15 0.9999999949220166 1.6450719113146272e-12 4.6082062680262933e-10 4.311429105956953e-09 2.7070067464086544e-10 3.3117872091356196e-11 
2.202735388445149e-13 8.536867104367778e-13 0.9999986630050455 5.107761335023119e-08 4.623470278803831e-17 9.941566525121303e-13 2.0009057179602812e-14 1.2853388448021157e-06 5.123435065102307e-10 6.406508316566907e-11 
1.7372763341457277e-17 4.2123429913193884e-08 1.349167854755471e-14 9.075981002168988e-11 6.730962087096459e-07 0.0003142540251623846 8.389797734193176e-18 0.9996848927780406 1.0500087056990916e-11 1.3787588511577047e-07 
3.447113802930417e-14 1.2210020029768976e-08 2.582429660838138e-12 1.7300009902879228e-08 4.570493067513101e-08 2.1466587069069102e-11 3.069455188882568e-13 4.862247288520982e-09 0.9999999179718314 1.9265703302031518e-09 
3.266850578363633e-12 8.920769593031887e-14 8.431167408510565e-16 6.408673223218522e-21 4.103508001399791e-10 5.753286969637233e-08 0.9999983178197442 4.063037723237859e-11 1.311456979310887e-18 1.6241930480555925e-06 
3.8189395922668646e-09 0.9951681903452705 2.577750472322543e-05 7.88492120481345e-10 4.497499411164183e-05 2.2089070293183884e-11 5.052325883219944e-06 4.804000139049759e-09 0.004755995389177846 7.312153742782416e-12 
1.0902394806722763e-16 2.941215983731962e-17 4.541442711582041e-12 4.4882610540569214e-10 8.522480550614063e-10 3.8663120435428403e-16 1.1582290633496335e-14 2.349025021876083e-06 5.258307914785447e-12 0.9999976496640921 
7.611207271687806e-15 7.094172230076677e-08 1.645246099581361e-09 2.95205940974656e-11 2.610657985004294e-19 3.60824503664215e-11 7.72260891947365e-15 1.4855759496787515e-07 1.012977097174393e-09 0.9999997777768411 
7.50730230475563e-14 0.9999959432802895 4.113555572233672e-14 1.251527546047377e-07 2.5126048717605058e-15 3.917354964830833e-06 1.3248097293798948e-11 4.764783250437711e-09 7.872706095357937e-14 9.433762296790472e-09 
1.0989463924785178e-06 3.717410509198003e-12 3.4972575489394666e-12 3.5108991653453996e-11 4.02291927960554e-12 1.0627571245697154e-10 0.9999989008974285 8.780280920128499e-15 3.5442874362228483e-12 3.628845516622252e-15 
0.999415264606479 6.822153552702086e-12 6.033912640065263e-14 1.2952662800514688e-10 5.613973862189836e-12 3.3754171826278765e-12 6.45933706568471e-10 7.052906905961064e-05 3.3918896065249027e-08 0.0005141716142329157 
2.4583688548434214e-11 2.9268207154882346e-13 3.592043023461282e-13 1.2371047245659371e-10 2.361044831922466e-14 8.947587281234053e-05 6.85894525647921e-13 0.9999063520273576 2.487327785126808e-14 4.171950149600125e-06 
3.115883871248291e-14 5.451834282414305e-10 5.268421411958474e-09 0.9998896602507664 8.352193106993267e-17 3.324515872296085e-16 0.00011033250960605636 1.5574979595364103e-17 1.4057882179328757e-09 2.0203146882757497e-11 
1.6051630302195542e-08 1.0900277739746524e-21 0.9999999167091987 3.2752962803260536e-10 8.254255287951784e-13 7.198246670847141e-17 5.345803583560412e-13 6.504427576306884e-08 1.8660001618879776e-09 5.297612039772571e-15 
3.3574479991332414e-18 7.088783341889974e-16 1.261249374877257e-17 1.1946747605783434e-12 0.010851417126517883 0.9891484111444884 1.0880108185203985e-07 4.453359031316424e-15 6.292658364188312e-08 1.2868213624383098e-13 
4.777569097973406e-16 1.1733113926322096e-12 7.680121260387577e-09 6.190761078957757e-06 3.7109572984577394e-15 0.999993783131056 5.983122452027724e-10 1.656826428887531e-08 1.2246194319696575e-09 3.5370334238832e-11 
0.9990444016437173 4.758616149571179e-06 3.2262415682941236e-09 9.520485793815363e-13 1.4686437424008648e-12 1.172456995283249e-11 8.934389750715317e-06 8.440277140417404e-12 0.00094190209893487 2.6206468188269118e-12 
0.9999999729832051 1.309506810477121e-13 9.404104748214347e-13 1.0225284786734529e-11 9.37114840689114e-13 1.0132274414665217e-09 2.099899053989895e-08 1.2330179557632458e-11 4.962775178911904e-09 1.723827260068767e-11 
9.056253296142416e-08 3.1313592603535405e-13 0.7530988510540871 3.582274145509324e-13 8.968122881210089e-09 5.721565656968468e-20 0.07348927827404993 0.17340322026100177 8.550879350980201e-06 1.830514317158575e-13 
4.6015117973925265e-08 1.2149403763436393e-07 6.829256666309888e-15 0.9999996337378966 1.3646592230786334e-07 1.664528643377233e-10 4.901059104105229e-08 2.725833307236338e-13 1.2978341291619024e-08 1.3136091231247596e-10 
1.1190403002835537e-06 7.142403409415959e-15 5.380630152346815e-11 0.9580181673030063 0.04197562904650673 9.331406220256194e-13 5.083957229402702e-06 4.97161461293136e-10 5.217627128418584e-12 9.583210282466088e-11 
0.9999998418021518 2.217489911222612e-25 5.099145992793364e-15 2.420825916978801e-08 1.337523040720597e-07 9.326205454998142e-11 7.617665813873309e-14 2.617816707887814e-12 1.412881348267201e-10 3.559699959350469e-14 
2.267184818525373e-11 9.020508776506918e-13 1.705565892501753e-11 1.2547960543863547e-13 1.3264898799597927e-05 5.944401932404897e-06 5.040577163810594e-05 0.9998459662986746 8.441858790809865e-05 2.9216953398089306e-13 
0.00018721930171027961 0.7151324105811344 7.075136160137004e-09 8.405282313756077e-09 1.8894634448848788e-08 0.28026083319229317 2.963714272850856e-11 0.00441846590965045 3.399695060793676e-08 1.0026135709681087e-06 
3.621817580495857e-16 2.892913895713122e-17 3.341143671004601e-17 1.8553202555883683e-18 4.884467734366669e-13 1.4251961940966827e-15 6.552094823181758e-15 9.866621341109674e-20 6.061502656004198e-13 0.999999999998897 
0.9998490791175104 6.423708612764348e-11 0.00015043931856389137 1.0476495984198987e-07 8.032134781878796e-09 3.685375876770899e-07 1.3352370567550046e-13 1.4066614896155572e-13 6.004086976410159e-13 1.6413168989154467e-10 
1.026544207082274e-07 0.9999666993054545 5.546589997245536e-07 2.1916831709246826e-07 1.4044725369813982e-14 1.3939506077611517e-09 2.44688263964749e-05 6.69640750367218e-06 1.1267418774616858e-06 1.3084306593811617e-07 
